Chr	WT O1	WT O2	MUT O1	MUT O2	WT Term Ratio	MUT Term Ratio	Corr Coeff	Euclidean Dist	FirstDer Corr	FirstDer Dist	SecDer Corr	SecDer Dist
1	31254	42057	31179	40502	0.617791354253	0.735278343881	0.983460309979	27.9211180646	0.905147292877	26.0429958743	0.893084446182	49.8651951663
1	42057	70645	40502	70679	0.203861760179	0.143000740078	0.781390329136	75.4542596303	0.879390497741	60.0197665618	0.87378068765	107.318875282
1	70645	147675	70679	147775	0.327807347787	0.556340147349	0.922337389481	434.237268105	0.844282359606	125.93967475	0.815260544954	206.11651684
1	147675	159639	147775	159619	0.426446004681	0.338990206011	0.91168071206	110.263856018	0.905666884007	61.1047407416	0.921746382589	77.7648612806
1	159639	176146	159619	176230	0.458653904404	0.418879056047	0.98032546664	75.0142038173	0.969561732864	74.2967975047	0.966809124431	155.913115285
2	63399	198436	63430	197951	0.463310055762	0.699165929483	0.945324707059	525.082676192	0.90377744063	59.638814085	0.884191715868	38.5591432744
2	198436	240154	197951	239844	0.457596241431	0.64633709689	0.890036890515	353.587127066	0.874642644822	48.5181184654	0.854609198741	31.2224677073
2	240154	255011	239844	254708	0.189607592381	0.0836921420883	0.839963898156	108.414177528	0.770587368621	43.2427643355	0.803438665396	28.8777894059
2	255011	326286	254708	326195	0.354394949141	0.635821897688	0.886331434388	308.106092225	0.657825926552	72.4537025983	0.483230875773	74.4681013988
2	326286	407934	326195	407647	0.335011267882	0.655310284994	0.846595281029	393.611874226	0.777895465623	62.979491238	0.802320828806	38.5149011497
2	407934	486935	407647	486773	0.558638498247	0.519626924146	0.986230849312	353.534356466	0.950060307215	31.7071494276	0.927517216309	24.8957047513
2	486935	623591	486773	623441	0.509066561293	0.451850469752	0.984505101782	291.714855103	0.916749883195	40.3009405819	0.902546181267	28.1982775219
2	623591	704903	623441	705200	0.722956021251	0.52292713952	0.924954994154	307.241074023	0.921642564327	31.4123436327	0.938863686872	21.4139238346
2	704903	741888	705200	741567	0.804542382047	0.835345230566	0.989604123466	55.7259613762	0.977761682546	13.6520816068	0.976046311004	8.12773070757
3	39589	74291	39521	74217	0.514696559276	0.50553377911	0.996320419584	144.448193639	0.940057127811	53.9276008111	0.901813181882	84.786294181
3	74291	109344	74217	109549	0.32562120218	0.382938978829	0.405923013563	1114.17988455	-0.224886123177	655.390810948	-0.145938401511	1019.34840867
3	109344	132215	109549	132560	0.696908749071	0.70227282604	0.961644817501	91.1901452235	0.859763628601	52.9622651998	0.814879955785	78.0512567909
3	132215	166907	132560	166789	0.487720511934	0.433258348184	0.880380966065	308.131331234	0.297807860021	285.940005614	0.165576266436	792.902909441
3	166907	225035	166789	225090	0.349022846133	0.442508133079	0.973663959721	202.794622567	0.850441926432	87.604828709	0.829969024406	116.443022996
3	225035	272661	225090	272926	0.874522319741	0.816100844552	0.986905663034	193.05819511	0.939854815656	44.5828973693	0.935469783283	64.8087375287
4	47597	125254	46901	124271	0.370320769538	0.52985653354	0.977833350062	185.538225978	0.96404411219	17.0513176502	0.974909230552	6.71297027613
4	125254	215514	124271	215320	0.539253268336	0.492613867258	0.986334618228	188.791939307	0.967641651733	19.914581885	0.965442775707	8.28239281304
4	215514	231113	215320	232455	0.506635040708	0.353195214473	0.982769719791	49.7977825592	0.964019406154	8.17387511415	0.973075111589	6.23069641298
4	231113	328569	232455	329184	0.463183385323	0.469300830154	0.992858639716	350.880154932	0.964544390101	26.9358467105	0.937292420022	11.8620327613
4	328569	410488	329184	409659	0.52410307743	0.480012426219	0.97727399735	318.174208601	0.948311808457	27.4713247963	0.94710167418	11.6200907826
4	410488	436495	409659	436261	0.301764909447	0.333959852643	0.981673532994	103.627634811	0.992258883871	18.9628145474	0.977753703877	9.39729684821
4	436495	461624	436261	461930	0.478968522424	0.356227355955	0.98961004113	46.1528014928	0.975744423769	8.83905261453	0.974105655404	7.41014148969
4	461624	503388	461930	504397	0.77588353606	0.645607177338	0.924964561953	152.555209393	0.943575535033	18.0780485516	0.967020371655	7.49935292253
4	503388	555675	504397	555167	0.449365999197	0.455318101241	0.964574732357	161.679316623	0.945925584728	23.7554334325	0.962627891785	9.72809838148
4	555675	631066	555167	631703	0.800108766298	0.778117487196	0.959071295484	309.263083305	0.922073281959	21.5721814302	0.949289571823	8.74710792824
4	631066	703357	631703	703242	0.526123583849	0.464306182642	0.930607507589	165.181160187	0.933310023337	18.4354575374	0.954689099739	6.61075183982
4	703357	750119	703242	750377	0.598434626406	0.620409462183	0.986770864936	78.2557079466	0.960772199782	14.7613911774	0.976317295442	7.06380036699
4	750119	807692	750377	808247	0.530352769527	0.556333160532	0.990849669468	136.923367976	0.95152776395	18.4074265356	0.958658993901	7.26923121007
4	807692	914592	808247	915087	0.181824134705	0.46842006739	0.920687805239	251.423756266	0.945957794988	24.6647500426	0.950534871819	10.6740477692
4	914592	1018140	915087	1019818	0.522801019817	0.531008011	0.981043464796	272.748877163	0.939515270158	30.7551496815	0.958331868692	12.3960365725
4	1018140	1056365	1019818	1056468	0.711288423806	0.561473396999	0.905770760726	232.367854919	0.938908475455	18.0113459124	0.952983715081	9.62148976759
4	1056365	1162102	1056468	1161848	0.301228519818	0.424435376732	0.981510120949	258.466883317	0.955794331512	20.0449754573	0.960024311834	7.13882155297
4	1162102	1241921	1161848	1242133	0.806299252058	0.793498162795	0.993824103014	226.544219558	0.961808860633	17.8793531376	0.955341428269	7.46059966364
4	1241921	1303835	1242133	1304721	0.460574345059	0.232648431009	0.990623671479	85.6336825038	0.979732026116	13.1209545968	0.977513149058	6.47791607753
4	1303835	1353178	1304721	1352540	0.416512980565	0.467345615759	0.995267456249	150.889636554	0.985513957256	15.2855328517	0.981660306859	7.24240788683
4	1353178	1400540	1352540	1400877	0.741828892361	0.735709704781	0.929774114561	79.3762290852	0.962533226406	14.9358112471	0.972188899411	6.25242967076
4	1400540	1460776	1400877	1460499	0.364200810147	0.365653617792	0.996353255376	173.599718985	0.983378445071	17.4768451081	0.972594398339	8.49260895012
4	1460776	1500803	1460499	1499540	0.880955355135	0.840270484875	0.964782238877	67.2249285734	0.915288331513	17.5268253068	0.883115208039	9.96718147656
5	59377	94047	59297	93977	0.467378136718	0.401023644752	0.938549049018	283.713674678	0.858787089862	62.7348376728	0.945564397797	31.715042115
5	94047	145536	93977	145556	0.519994561945	0.546559646368	0.97717642851	310.447934285	0.927609988023	50.9354353541	0.955109313984	30.5696560757
5	145536	173726	145556	173490	0.467328840014	0.42632634066	0.992079130081	98.7633988256	0.964097866141	29.7252741641	0.967115193224	21.1075734792
5	173726	211421	173490	211925	0.886908077994	0.892597892546	0.897019731355	141.858578765	0.832315502349	44.1126876013	0.918863976575	27.4682746489
5	211421	287901	211925	288463	0.411767782427	0.581789437926	0.952441306781	236.067512191	0.837129350156	48.9511227266	0.862674463813	43.0081774838
5	287901	316518	288463	316684	0.44246426949	0.13865561107	0.824663668948	164.651054307	0.883524124027	32.8000014609	0.926733956361	25.6519366756
5	316518	353774	316684	353789	0.480298475413	0.487643174774	0.992923547788	153.531294868	0.945632990577	34.0357648089	0.955120871863	25.2882891141
5	353774	407130	353789	406782	0.59481595322	0.598362047818	0.992628895887	200.74579013	0.93738404197	38.7157653056	0.949746344368	29.3687463274
5	407130	438787	406782	438847	0.388855545377	0.815063152971	0.733929944378	422.035118078	0.801486714004	53.0736879616	0.9495366864	27.0276490655
5	438787	492030	438847	493583	0.553913190466	0.557092224496	0.502998534128	1244.48475002	-0.0275689937257	544.764155258	0.0197012326041	717.396983956
6	31210	69351	31609	68582	0.15112346294	0.0847645579206	0.853118787228	89.7810003314	0.896942996306	50.8231262386	0.875990983873	88.8033173757
6	69351	118717	68582	118626	0.124052991938	0.361511869555	0.738055084885	422.144974294	0.855733375092	79.6639414872	0.843608785305	121.227935905
6	118717	135796	118626	135698	0.616488084782	0.604967197751	0.973763595194	45.2275333631	0.879464723258	40.9173925034	0.902660108975	57.3130235857
6	135796	167728	135698	167704	0.407647500939	0.671811535337	0.543129850276	1349.78119932	-0.278335571503	678.613314436	-0.225735715857	1152.85506112
6	167728	199576	167704	199677	0.477643808088	0.423232102086	0.974160592812	153.377138733	0.811737600199	96.1714585023	0.781985717308	134.790902308
7	64461	117118	64157	118504	0.635490058302	0.665952122472	0.977228933945	103.808588829	0.950231849923	17.7446330868	0.978477305738	7.17936968746
7	117118	165233	118504	163760	0.130770030136	0.059704790525	0.802034206964	144.929875763	0.959080932847	17.3298952204	0.937860906104	10.3792294428
7	165233	203771	163760	204024	0.281618143131	0.484899662229	0.884372763473	203.758203636	0.927141660404	24.6321076601	0.947049456974	16.6853184678
7	203771	286286	204024	286746	0.560104223475	0.484429776843	0.993561888623	236.527715635	0.967505229334	24.6614499046	0.969475437835	15.2282895277
7	286286	389349	286746	389312	0.468558066425	0.306958446269	0.977399992149	331.687167028	0.959734994262	33.4649816178	0.960648905211	16.3339131784
7	389349	421184	389312	421367	0.426888644574	0.443581344564	0.994715295709	59.1768182253	0.980657580306	18.2703130096	0.983129423685	11.4740233414
7	421184	485117	421367	485087	0.480487385231	0.322457627119	0.902470339512	441.439137158	0.855028123963	52.4558191311	0.969990374268	16.694836074
7	485117	508280	485087	508109	0.581617234382	0.593084875337	0.99760397735	56.4360184931	0.987728301029	18.6343571232	0.972909127819	14.4219888685
7	508280	572817	508109	572502	0.453243875606	0.529731492554	0.980516800998	244.076042115	0.958739256979	28.8101457936	0.963660383563	13.8475716111
7	572817	659246	572502	659665	0.624535746104	0.681309730046	0.976125875862	194.267475419	0.948985278202	26.9766618088	0.953707018877	11.4533184607
7	659246	714433	659665	715091	0.475057531665	0.650795655469	0.900764634743	265.305235761	0.895524434039	30.7036078386	0.971714710979	9.60604321786
7	714433	777946	715091	777644	0.268559192606	0.27405560085	0.988101749729	238.866632622	0.947446648713	36.4253094124	0.867707403894	34.0495675915
7	777946	834680	777644	834755	0.349173335213	0.329393636953	0.979792415851	220.293182766	0.939001240263	38.4814316852	0.964012091897	17.7972277706
7	834680	888123	834755	888079	0.489156671594	0.477833620884	0.9872780119	255.672766046	0.923953680338	41.5111313397	0.939767151026	20.1181508581
7	888123	978297	888079	978553	0.701111185042	0.595497048876	0.973492995664	298.632991744	0.935828182967	30.2536999936	0.947976156636	14.8878485073
7	978297	998848	978553	999180	0.458469174249	0.447714161051	0.989033436245	18.9171775778	0.958862626944	8.43186398339	0.966628407887	6.29973721814
8	63919	115782	62997	115082	0.496394346644	0.424172026495	0.173322809531	1582.91697896	0.135186763596	532.422136071	0.0741152779189	769.2146028
8	115782	133279	115082	133246	0.485854717952	0.600473463995	0.87750999409	106.093450634	0.921000731994	36.6301815421	0.893099426058	34.6416358475
8	133279	167633	133246	167889	0.839378238342	0.588401697313	0.927357471818	292.260107006	0.893733153678	39.8915440461	0.926744668111	29.2246185928
8	167633	246456	167889	246598	0.549877573805	0.548437916884	0.950609282279	194.994775757	0.837438409662	59.3815151196	0.843203209372	52.2235325153
8	246456	297041	246598	297112	0.22482949491	0.208001742091	0.993563057364	133.364987033	0.942901528889	32.4999639498	0.93934426513	31.5971349833
8	297041	359798	297112	359749	0.741797727744	0.841986365886	0.983272738446	228.86898289	0.942046048407	35.7443606501	0.947773196135	32.7304618915
8	359798	392010	359749	392694	0.443561405687	0.614251024435	0.906118258668	85.3349110521	0.882538122071	32.6451100173	0.902902335965	29.3176127847
8	392010	447694	392694	447715	0.352453128367	0.297395539885	0.985627816279	158.803091926	0.942308645333	32.2763457273	0.957672080327	27.7470951892
8	447694	501984	447715	502240	0.750856511328	0.618615314076	0.944351379582	264.336106428	0.931558478743	35.7090377609	0.940675566807	29.7725119543
8	501984	518743	502240	519046	0.70129482666	0.658098298227	0.990643561248	36.0818388966	0.975251318186	10.2295171219	0.971093232552	11.0465108834
9	33684	74226	34687	74101	0.149030634897	0.075658395494	0.88673015289	173.081219203	0.928742774051	36.4273875775	0.917132584692	38.5493716091
9	74226	106039	74101	106199	0.345770596926	0.214296840925	0.954584517963	87.9427350828	0.912093153397	39.4297261291	0.933908664574	41.4961346553
9	106039	135204	106199	135255	0.80881193211	0.76252753304	0.990227627248	103.409003075	0.948316284898	25.0273649904	0.928558105192	31.8111732284
9	135204	175292	135255	174380	0.426062662143	0.633757188498	0.967323713448	211.509973819	0.933569259572	32.7999903723	0.918930517352	41.7134283776
9	175292	214941	174380	214881	0.192463870463	0.250462951532	0.906132156951	296.324413805	0.827109316065	68.554938739	0.838497296985	72.5407536606
9	214941	247232	214881	247165	0.758787278189	0.954466608846	0.927820917926	152.336704265	0.778177219137	52.8422109133	0.859413439185	42.4905482535
9	247232	311422	247165	310813	0.555771927091	0.581149446958	0.986775104091	244.741614625	0.915258416204	49.9802506615	0.894340484224	57.8378158474
9	311422	342741	310813	343025	0.234234809541	0.406121942133	0.923289420267	182.915390696	0.905734506976	39.9302063855	0.907253264172	38.5573761701
9	342741	356703	343025	356222	0.387981664518	0.134879139198	0.905121162476	38.9833287631	0.937661358282	14.7820026209	0.957762332906	13.1680828852
10	68284	99343	68656	99380	0.426382047072	0.395423772946	0.988584550405	66.7828960242	0.980297741037	15.2221287589	0.987521876786	9.56336722102
10	99343	161993	99380	162020	0.557829209896	0.392975734355	0.901954687822	322.987210417	0.89542339099	43.8655982052	0.953960035423	21.9412015305
10	161993	204324	162020	204933	0.28560629326	0.399436068324	0.904102931317	256.457531103	0.917742056118	36.7511552774	0.966208992122	17.8112879491
10	204324	227424	204933	228307	0.748398268398	0.659450671686	0.984079903403	132.948523124	0.982881347943	15.0227088568	0.980116726991	12.7864459386
10	227424	299273	228307	299315	0.711311222146	0.647497465074	0.959148832993	307.754203553	0.963976651733	25.0534272827	0.966015271769	21.0493563102
10	299273	374983	299315	374880	0.225729758288	0.468051787644	0.950121166947	319.138635316	0.924964383771	40.9196124967	0.938800204988	28.4562004845
10	374983	417290	374880	417323	0.452501950032	0.467332657918	0.986360416181	268.982726509	0.925477013291	47.0287146217	0.95243239914	26.2612872703
10	417290	442802	417323	443458	0.685285355911	0.317658312608	0.777191194949	333.705963343	0.793669515418	55.9298984285	0.934186131488	23.2590150662
10	442802	453551	443458	455664	0.935901014048	0.523349172538	0.882591786828	100.924198403	0.974846006358	17.1640128727	0.968910963921	15.7765966709
10	453551	483032	455664	483599	0.681489773074	0.609199928405	0.877654895201	170.859835085	0.973415059229	18.4018188231	0.966460518742	13.7633087257
10	483032	540722	483599	540602	0.189946264517	0.507306632984	0.895351546487	540.532274052	0.896996109629	39.526394314	0.939213847337	21.6539498828
10	540722	613131	540602	613109	0.513016337748	0.354448536003	0.927194042012	627.399008804	0.857297305831	58.8095781523	0.939211720472	26.9162554219
10	613131	684060	613109	683948	0.387711655317	0.373551292367	0.995276588669	252.425554217	0.975920048449	36.7251617785	0.982357749086	20.1571879327
11	56050	98470	56017	98786	0.66438000943	0.653557483224	0.990388034858	102.463683836	0.960091839329	32.7696116615	0.969758528131	23.747358772
11	98470	153163	98786	153204	0.487576106632	0.524256679775	0.988800033419	182.625096876	0.960130123525	26.7296638597	0.962357532659	21.5543209319
11	153163	197290	153204	196547	0.599836834591	0.50654084858	0.949935786557	188.46919557	0.952386495732	26.0897009326	0.950942174918	20.1115888269
11	197290	213328	196547	213015	0.368624516773	0.408974981783	0.983661488893	59.8369761181	0.966255400474	20.4818011146	0.964377854145	14.3559868535
11	213328	258336	213015	258444	0.506865446143	0.284377820335	0.981778472328	160.381587727	0.951839816008	26.9174858345	0.933887410038	22.6249637168
11	258336	302969	258444	302778	0.318419106939	0.327265755402	0.992856208849	82.5439530726	0.972084399703	20.6766268047	0.977398947878	15.0336039459
11	302969	328992	302778	329598	0.65073204473	0.274981357196	0.802269484035	389.782590667	0.825833702866	55.3274588209	0.942024585685	27.8903420429
11	328992	389324	329598	389331	0.612345024199	0.813779652788	0.978713873195	174.386810887	0.94965420037	31.012775038	0.949475169203	26.5866650947
11	389324	418480	389331	417980	0.416758128687	0.445251143146	0.996617710475	106.489797965	0.973744381138	20.680817639	0.963720456411	16.984699565
11	418480	447620	417980	447552	0.129890185312	0.176991748952	0.965086756338	58.4257508538	0.959172225773	24.7233926587	0.949781552291	19.6104911636
11	447620	517596	447552	517848	0.622727792386	0.621173324229	0.985696683893	269.17101858	0.913531241543	43.6956621569	0.90222696704	33.9057549877
11	517596	612574	517848	612642	0.611362631346	0.640515222482	0.94725390566	278.283554828	0.911467211738	47.4034811112	0.91216224856	35.8255480884
12	91669	141200	92085	141275	0.493367789869	0.372148810734	0.928225121035	269.480184415	0.910239459835	31.4750150621	0.952676318613	13.8953821637
12	141200	155214	141275	155543	0.51726844584	0.467479674797	0.990465815412	27.3163023289	0.971363451203	10.490959232	0.970757446121	9.15865531288
12	155214	231046	155543	230764	0.347768751978	0.645092460882	0.92814312129	325.804777954	0.88129009506	45.1148909674	0.954144540533	16.5795828205
12	231046	287589	230764	288484	0.941425110093	0.885793485793	0.967971497868	294.831643353	0.970850587856	22.4522527842	0.973728711654	13.0935537348
12	287589	373496	288484	373392	0.23591791123	0.483517454186	0.895852597213	534.896582828	0.874189162666	37.9788069562	0.951906411389	13.4791719501
12	373496	412082	373392	412577	0.656222464106	0.620645655225	0.996596487707	177.358609333	0.980768577708	28.6007632178	0.958198730193	16.3598829867
12	412082	512618	412577	512394	0.495071417204	0.23324684172	0.981820278838	141.753033535	0.971593763791	23.2985085394	0.9746319984	11.9506146705
12	512618	602777	512394	604533	0.44523563926	0.446900878021	0.997062660253	315.225650835	0.937880079668	47.280936032	0.87814794525	24.6197241525
12	602777	660144	604533	659814	0.595830355431	0.300926177168	0.624077964253	439.167392484	0.762454631295	46.699945365	0.793568106473	25.1774239331
12	660144	744276	659814	744559	0.4783910997	0.473066257596	0.974625914426	213.647162061	0.918687250141	34.3155484134	0.941355415319	16.4226875326
12	744276	793353	744559	792961	0.560384701591	0.813706045205	0.919098196897	353.564869321	0.893249153399	36.5213606231	0.940095362665	16.1305054841
12	793353	889233	792961	889274	0.699269920734	0.698067758247	0.972750109093	170.376135843	0.901966282813	31.7849201698	0.888952848192	19.3388622275
12	889233	1007193	889274	1006852	0.42497456765	0.427614009424	0.965273334367	138.026631276	0.905581505781	34.4514647238	0.925306231455	16.3133787976
13	32309	94688	32292	94384	0.558793824845	0.620289248212	0.983779436199	296.494509541	0.931317388624	34.273719679	0.951951391864	18.5321055016
13	94688	137521	94384	137440	0.44657156865	0.488456893348	0.986715431885	158.983390804	0.978859209028	22.1790692047	0.985088358558	11.8099339817
13	137521	228379	137440	228016	0.524076030729	0.494038155803	0.760025683116	555.132407796	0.830876511165	68.6007709282	0.828830356285	32.9732548641
13	228379	263631	228016	263882	0.159451945989	0.311464897117	0.9347807526	219.002975025	0.947063889492	23.3679554864	0.96770400103	8.94901897517
13	263631	286838	263882	286831	0.4374542164	0.358882739989	0.965964563596	101.508007809	0.931070613591	30.2420993226	0.968557921868	14.9765003183
13	286838	432015	286831	431992	0.550266226744	0.47287494575	0.911504617198	559.190574629	0.895255311212	60.8247963601	0.917156373109	26.376167097
13	432015	470750	431992	469429	0.650083903446	0.800838742421	0.936581300643	122.646768617	0.89836646596	24.7671511578	0.935450197506	12.2345333443
13	470750	505201	469429	506058	0.277524600157	0.225695487182	0.632245830883	81.5076556674	0.817405856556	23.3944441451	0.843775749673	11.1607839064
13	505201	536133	506058	536260	0.123205741627	0.0449639096749	0.934948067482	50.2729824044	0.985207034517	14.6973228408	0.981851075988	9.99071603236
13	536133	611877	536260	611828	0.589327207436	0.357611687487	0.992180861171	128.202113713	0.969854248065	23.1420348575	0.978620447454	12.3207441969
13	611877	649215	611828	649230	0.401119502919	0.420432062457	0.994644494543	56.8504258409	0.975891001526	16.1132463321	0.981349268794	10.3916420371
13	649215	687643	649230	687166	0.841105443947	0.909057359764	0.993592274088	107.413570891	0.976758462068	16.4145054951	0.976744378821	9.44096247579
13	687643	759960	687166	759145	0.484256813751	0.542616596507	0.985278554811	182.723086952	0.957238199415	21.7476670067	0.956077155221	10.3375072139
13	759960	815364	759145	815057	0.112031622266	0.226874374016	0.920029221271	368.667219187	0.908804726357	31.452467236	0.935202165086	17.3214189718
14	63881	89513	63225	89556	0.0907459425718	0.144012760624	0.928813264271	96.5356295992	0.964203901469	17.6911645267	0.96242555944	12.758398872
14	89513	169880	89556	169628	0.74228228004	0.493849285643	0.901280408948	274.896281392	0.940674849861	31.9246198261	0.967186092055	17.2954763463
14	169880	195488	169628	195140	0.549086223055	0.602971150831	0.984260673934	42.0363163664	0.948560949703	16.6472350443	0.967156641532	11.7244407807
14	195488	250804	195140	251325	0.444102972015	0.400195781792	0.972096150296	98.704875919	0.910889558024	24.4949127533	0.944563281957	14.1722911835
14	250804	281244	251325	280736	0.299770039422	0.250654517017	0.973820945541	60.9824116134	0.985060228948	10.9021068298	0.970828556172	8.98121176211
14	281244	321640	280736	321296	0.215343103278	0.221400394477	0.996773101645	115.477583397	0.987561323659	15.165268095	0.986648799608	12.1266678588
14	321640	412474	321296	412360	0.716438778431	0.627877097426	0.953801109426	228.177552137	0.947224729133	30.4349673978	0.959511878018	18.3763761852
14	412474	449239	412360	449540	0.522018223854	0.791877353416	0.929007796641	182.629743277	0.921167062301	27.5655223189	0.96003132597	15.6469855141
14	449239	499122	449540	498651	0.478960768198	0.468611919936	0.986133035659	125.064048573	0.948996186069	22.9500757011	0.939225764295	17.7386475
14	499122	562578	498651	563983	0.199019793243	0.224652543929	0.984657842797	117.283388455	0.953520347572	36.1677240778	0.901667476705	23.3916573335
14	562578	609997	563983	609909	0.548071448154	0.555241039934	0.913790694153	298.849337578	0.874634539961	43.7507281737	0.95034913564	18.594512053
14	609997	634761	609909	635287	0.638063317719	0.793206714477	0.845486697281	165.999084478	0.851742402781	36.8106693619	0.950011788768	18.9443444648
14	634761	691139	635287	691013	0.749689595232	0.718174640204	0.988903288107	209.320615505	0.970960547659	18.6206002429	0.965303819603	13.946553499
14	691139	713456	691013	712055	0.519021373841	0.583832335329	0.993821345117	44.551985043	0.990661284188	8.0272610443	0.9877985697	5.63760856386
14	713456	739099	712055	738332	0.342705611668	0.493435323667	0.933118936641	67.4942536395	0.927353576833	18.3315042236	0.944346593866	13.6796332724
15	36130	120349	35975	122546	0.640746149919	0.506203001005	0.891605977659	375.552869236	0.812651353731	44.9588351269	0.934066614586	17.4586991298
15	120349	167607	122546	167909	0.404460620424	0.404117893437	0.955228646347	239.721145658	0.915265026912	38.0713307029	0.923672721334	17.4535670098
15	167607	227640	167909	227480	0.534889144304	0.609323328465	0.978124682676	340.505882664	0.942506157409	39.3707065294	0.959542217034	17.7436841995
15	227640	277919	227480	277916	0.457785556594	0.526964866365	0.978391615838	352.253143345	0.94997815076	42.6767353116	0.963630704618	19.5846899962
15	277919	307337	277916	309068	0.890033312938	0.769934514638	0.983320681934	174.473814237	0.96656967446	19.3474507669	0.954240042056	12.2706636234
15	307337	336917	309068	337721	0.405578093306	0.320873905001	0.923846541703	50.0811837133	0.957724701869	17.3504689313	0.936080551387	11.1455984405
15	336917	436558	337721	436737	0.486315873988	0.330345600711	0.965088498964	452.803876348	0.874199660677	39.5653002528	0.918298343529	19.893825128
15	436558	463890	436737	464241	0.591138592126	0.462223676556	0.974430859219	150.679097265	0.978727256953	18.9783685126	0.977849362302	11.1416465059
15	463890	489456	464241	488464	0.605452554174	0.735540601907	0.989111160023	113.974272303	0.976374153637	18.0620309001	0.975281587872	9.92374208217
15	489456	566602	488464	565943	0.536586472403	0.485996205423	0.957713827435	221.090351638	0.922622440981	25.7644254843	0.942653949659	11.8547720057
15	566602	615928	565943	617100	0.601021773507	0.581503997498	0.725997930354	137.822095792	0.721030429555	36.8708285541	0.846324830794	17.3181612958
15	615928	658455	617100	658609	0.533308251229	0.532197836614	0.988190243782	57.2903725251	0.990028239542	7.02984684431	0.983350823993	4.48389714811
15	658455	680022	658609	680795	0.631056707006	0.234021454972	0.866570778632	73.5943243925	0.94776604701	8.08514227165	0.990541711567	3.72256641803
15	680022	767758	680795	767611	0.346824564603	0.300900755621	0.984101677757	129.566648042	0.939469991905	23.7011332125	0.961639433587	11.1391000002
15	767758	855313	767611	855105	0.477654046028	0.471140878232	0.995450658303	225.015771724	0.972678231143	22.7794412611	0.969989736946	12.0179001422
15	855313	873618	855105	873907	0.642993717564	0.661259440485	0.988843432541	21.2312928087	0.991144082977	7.46050075063	0.989504496153	8.68679453824
15	873618	907728	873907	907898	0.347991791264	0.370480421288	0.964858850429	169.00767014	0.934521043382	25.5748647156	0.982481605665	9.2774941048
15	907728	980247	907898	979502	0.607702808919	0.734162895928	0.920040916461	309.998123509	0.708445799247	58.1307638334	0.786849223393	26.7825914945
15	980247	1053558	979502	1053421	0.376641977329	0.372556446922	0.994676566729	132.781484054	0.965702884104	24.4487238733	0.960275173601	14.2387023409
16	73005	163399	72828	163365	0.751178175543	0.610269834432	0.976167873546	193.602292424	0.970287309882	27.8584371132	0.962176480235	13.8852574163
16	163399	210430	163365	210559	0.479938763794	0.529548247659	0.894929652447	69.1522856378	0.910222985517	15.8694516678	0.955153114083	9.47815291656
16	210430	289406	210559	289208	0.221852208266	0.174471385523	0.985050812244	93.3054898138	0.971720473846	18.031721362	0.96587180569	13.5388377552
16	289406	385064	289208	385022	0.625635074955	0.454343832843	0.976737417795	248.237123196	0.951534538499	29.3304082158	0.958555239842	17.3786762909
16	385064	418356	385022	418772	0.322089390845	0.331407407407	0.949800165028	133.825087586	0.955126938569	25.652422407	0.983014959387	13.045762459
16	418356	454801	418772	455758	0.722046920016	0.527523927973	0.921713757724	233.62040067	0.92865713896	25.1942879587	0.97050561754	13.1665494525
16	454801	512169	455758	512295	0.423807697671	0.447476873552	0.993470095392	125.850686008	0.978098368706	16.4386820959	0.97728643017	9.59818844432
16	512169	634164	512295	634445	0.414127628181	0.37229226361	0.974066007546	275.813175722	0.949698509625	38.5689662552	0.964976764536	17.9160809644
16	634164	685174	634445	684714	0.54799059008	0.552885476138	0.993154683866	149.937472825	0.974749197484	20.4929650495	0.981811406527	10.4288412362
16	685174	776656	684714	776625	0.440786165584	0.583379573718	0.959834642396	373.014760217	0.925075503602	34.4711272536	0.956223126984	16.7234440277
16	776656	821138	776625	820861	0.730430286408	0.667736685053	0.950522783878	174.368456936	0.85653261302	57.3688985567	0.874870360301	32.0444802505
16	821138	843097	820861	844555	0.321143950089	0.202793956276	0.991195009253	77.3861580884	0.974808331199	26.2307129911	0.947381092002	20.8314275424
