"Chr"	"WT.O1"	"WT.O2"	"MUT.O1"	"MUT.O2"	"WT.Term.Ratio"	"MUT.Term.Ratio"	"Corr.Coeff"	"Euclidean.Dist"	"FirstDer.Corr"	"FirstDer.Dist"	"SecDer.Corr"	"SecDer.Dist"
1	31254	42057	31179	40502	0.617791354253	0.735278343881	0.983460309979	24.9596865326	0.963220328348	19.7925717081	0.92635642292	1.22607132593
1	42057	70645	40502	70679	0.203861760179	0.143000740078	0.781390329136	75.4532438607	0.876559794217	64.3476432867	0.809928888613	3.28762796208
1	70645	147675	70679	147775	0.327807347787	0.556340147349	0.922337389481	434.231783952	0.845059656549	132.022216201	0.771876486283	5.89672097784
1	147675	159639	147775	159619	0.426446004681	0.338990206011	0.91168071206	110.263482484	0.920608428491	63.2320171845	0.822526523805	2.40971760711
2	63399	198436	63430	197951	0.463310055762	0.699165929483	0.945324707059	524.926355968	0.903314262611	60.002478943	0.771437623244	1.35364896332
2	240154	255011	239844	254708	0.189607592381	0.0836921420883	0.839963898156	108.243063148	0.761659372709	44.0432675789	0.710138083007	0.910010504806
2	326286	407934	326195	407647	0.335011267882	0.655310284994	0.846595281029	393.587361821	0.785307349709	63.2059510758	0.719081716944	1.05098536361
2	407934	486935	407647	486773	0.558638498247	0.519626924146	0.986230849312	353.527032008	0.947372134652	33.7204882492	0.803063325295	0.8394566318
2	486935	623591	486773	623441	0.509066561293	0.451850469752	0.984505101782	291.70962918	0.919163947443	40.8397197464	0.82289411611	1.04098375263
2	623591	704903	623441	705200	0.722956021251	0.52292713952	0.924954994154	307.221940675	0.92363597902	31.8618128577	0.906488440109	0.746427047508
2	704903	741888	705200	741567	0.804542382047	0.835345230566	0.989604123466	55.6644752385	0.978327573005	13.7797099072	0.936474960719	0.31877736672
3	39589	74291	39521	74217	0.514696559276	0.50553377911	0.996320419584	144.440742055	0.940630739484	56.576954989	0.850095814638	2.66484005246
3	109344	132215	109549	132560	0.696908749071	0.70227282604	0.961644817501	90.2925782416	0.860168050768	54.939185854	0.746576900176	2.41677823324
3	132215	166907	132560	166789	0.487720511934	0.433258348184	0.880380966065	308.117683269	0.235082146782	408.671910225	0.0553436507414	62.8813596052
3	166907	225035	166789	225090	0.349022846133	0.442508133079	0.973663959721	202.79222413	0.859160652926	90.0183095091	0.789833797919	3.29174460987
3	225035	272661	225090	272926	0.874522319741	0.816100844552	0.986905663034	192.905710756	0.943405938136	46.0849409502	0.900847799644	1.93644805651
4	47597	125254	46901	124271	0.370320769538	0.52985653354	0.977833350062	184.552131955	0.96223435538	17.1147005482	0.902315155215	0.318767316056
4	125254	215514	124271	215320	0.539253268336	0.492613867258	0.986334618228	188.789222434	0.967383535979	20.0241736819	0.917474750458	0.369536310434
4	215514	231113	215320	232455	0.506635040708	0.353195214473	0.982769719791	47.6631396265	0.960838262985	8.43403355821	0.959599491472	0.176589916944
4	231113	328569	232455	329184	0.463183385323	0.469300830154	0.992858639716	350.758507242	0.963370018508	27.0128372407	0.840912447189	0.562883111562
4	328569	410488	329184	409659	0.52410307743	0.480012426219	0.97727399735	318.068431036	0.948532798609	27.3744151414	0.768614775691	0.443595195686
4	410488	436495	409659	436261	0.301764909447	0.333959852643	0.981673532994	103.617553177	0.992126137357	19.170177556	0.934304134013	0.310511337806
4	436495	461624	436261	461930	0.478968522424	0.356227355955	0.98961004113	46.0705436025	0.974563858995	9.35908509622	0.930700521004	0.273246830854
4	461624	503388	461930	504397	0.77588353606	0.645607177338	0.924964561953	151.77216016	0.942526534595	18.1282712459	0.923257130668	0.34237744453
4	555675	631066	555167	631703	0.800108766298	0.778117487196	0.959071295484	309.237012993	0.92488153196	21.7012617409	0.850598195156	0.425173240496
4	703357	750119	703242	750377	0.598434626406	0.620409462183	0.986770864936	78.2457320403	0.961031174223	14.8298951398	0.94972342111	0.217530016954
4	750119	807692	750377	808247	0.530352769527	0.556333160532	0.990849669468	136.831619474	0.95083284407	18.5543555801	0.878589146434	0.238988927461
4	1018140	1056365	1019818	1056468	0.711288423806	0.561473396999	0.905770760726	232.367394662	0.941342836315	18.4001573753	0.843955139172	0.349189405796
4	1241921	1303835	1242133	1304721	0.460574345059	0.232648431009	0.990623671479	84.7410777618	0.978711138563	13.0328600823	0.938754020399	0.241660158158
4	1303835	1353178	1304721	1352540	0.416512980565	0.467345615759	0.995267456249	150.641426075	0.984936314955	15.2635448973	0.919600601278	0.266434211637
4	1353178	1400540	1352540	1400877	0.741828892361	0.735709704781	0.929774114561	79.3710129148	0.963463811235	15.0900594437	0.929795216924	0.262892403388
4	1400540	1460776	1400877	1460499	0.364200810147	0.365653617792	0.996353255376	173.586778952	0.983025732225	17.5625078124	0.92192917958	0.349564922341
4	1460776	1500803	1460499	1499540	0.880955355135	0.840270484875	0.964782238877	66.6442106073	0.92369105009	17.5017805058	0.788909932636	0.464505389408
5	59377	94047	59297	93977	0.467378136718	0.401023644752	0.938549049018	283.711651478	0.87406763782	63.1653104543	0.891757246925	0.954049401904
5	94047	145536	93977	145556	0.519994561945	0.546559646368	0.97717642851	310.447890483	0.933954371039	51.4738534315	0.900764852396	0.960374345843
5	145536	173726	145556	173490	0.467328840014	0.42632634066	0.992079130081	98.6112616946	0.966040256762	29.9624427219	0.90195422416	0.666096561584
5	173726	211421	173490	211925	0.886908077994	0.892597892546	0.897019731355	141.627989769	0.846396959473	44.4019213406	0.84094186989	0.899058135321
5	211421	287901	211925	288463	0.411767782427	0.581789437926	0.952441306781	235.568185227	0.838149218078	48.4116001279	0.875850096392	1.32480506761
5	287901	316518	288463	316684	0.44246426949	0.13865561107	0.824663668948	164.627560188	0.888539689684	34.023258318	0.915746075823	0.695693776197
5	316518	353774	316684	353789	0.480298475413	0.487643174774	0.992923547788	153.531261797	0.953035446703	35.1549047609	0.90955170217	0.748026022654
5	353774	407130	353789	406782	0.59481595322	0.598362047818	0.992628895887	200.458770902	0.939084702076	39.5234637533	0.900509356858	0.919103686848
5	407130	438787	406782	438847	0.388855545377	0.815063152971	0.733929944378	422.034501824	0.830246131934	53.3921311441	0.885485661057	0.88693234265
6	31210	69351	31609	68582	0.15112346294	0.0847645579206	0.853118787228	84.9864760537	0.889639350429	54.0584352386	0.859130804213	2.64055554056
6	69351	118717	68582	118626	0.124052991938	0.361511869555	0.738055084885	422.13946481	0.863028655388	83.2049146086	0.80546460955	3.65007473002
6	118717	135796	118626	135698	0.616488084782	0.604967197751	0.973763595194	45.1712247843	0.907126894987	42.1569382651	0.865574166675	1.50791057036
6	167728	199576	167704	199677	0.477643808088	0.423232102086	0.974160592812	153.352547125	0.82365481227	99.6267330614	0.775541263164	3.43601646577
7	64461	117118	64157	118504	0.635490058302	0.665952122472	0.977228933945	103.745899242	0.953891156997	17.6372667466	0.933874492167	0.299896502753
7	117118	165233	118504	163760	0.130770030136	0.059704790525	0.802034206964	138.298622337	0.947933239025	17.4391323922	0.799593710144	0.462412852644
7	165233	203771	163760	204024	0.281618143131	0.484899662229	0.884372763473	203.725208667	0.92891846541	24.9227183147	0.809652710682	0.61414134016
7	203771	286286	204024	286746	0.560104223475	0.484429776843	0.993561888623	236.363599777	0.967473947977	24.7382890037	0.90277512598	0.438570303824
7	286286	389349	286746	389312	0.468558066425	0.306958446269	0.977399992149	331.687106275	0.961056593802	33.9618704596	0.893508733545	0.566819591306
7	389349	421184	389312	421367	0.426888644574	0.443581344564	0.994715295709	59.1091346656	0.980934221138	18.5416679585	0.925872914473	0.443275949185
7	421184	485117	421367	485087	0.480487385231	0.322457627119	0.902470339512	441.43909338	0.865389366971	52.7343172972	0.881556028838	0.63228668728
7	485117	508280	485087	508109	0.581617234382	0.593084875337	0.99760397735	56.3968542013	0.987997182608	19.1486809516	0.899052853372	0.602434950709
7	659246	714433	659665	715091	0.475057531665	0.650795655469	0.900764634743	265.00732167	0.892698709321	30.7973019417	0.920388976549	0.364585660519
7	714433	777946	715091	777644	0.268559192606	0.27405560085	0.988101749729	238.810954933	0.945800972646	37.1584584181	0.765366087641	1.54501335609
7	834680	888123	834755	888079	0.489156671594	0.477833620884	0.9872780119	255.672601268	0.92776516588	42.023787665	0.721712358094	0.776184065166
7	888123	978297	888079	978553	0.701111185042	0.595497048876	0.973492995664	298.628654933	0.938265956345	30.6982331704	0.839745819888	0.488445585997
7	978297	998848	978553	999180	0.458469174249	0.447714161051	0.989033436245	18.7333378458	0.95926787392	8.55813555285	0.912248548342	0.271988449129
8	63919	115782	62997	115082	0.496394346644	0.424172026495	0.173322809531	1582.89039605	0.129473731729	566.927191896	0.0440438728598	39.4506504868
8	115782	133279	115082	133246	0.485854717952	0.600473463995	0.87750999409	106.093123925	0.927909104574	38.6310923446	0.81953302599	0.996213524716
8	133279	167633	133246	167889	0.839378238342	0.588401697313	0.927357471818	292.225861446	0.898059091173	41.1480676052	0.831688687024	0.920043952816
8	167633	246456	167889	246598	0.549877573805	0.548437916884	0.950609282279	194.983695851	0.843447625061	60.0904294639	0.733118607407	1.74709326861
8	246456	297041	246598	297112	0.22482949491	0.208001742091	0.993563057364	133.357975194	0.948691927036	33.1185809347	0.884598886298	1.04128540928
8	297041	359798	297112	359749	0.741797727744	0.841986365886	0.983272738446	228.868704233	0.948022280304	36.8055132358	0.915290353598	0.981402615716
8	359798	392010	359749	392694	0.443561405687	0.614251024435	0.906118258668	83.3051128928	0.87578107796	33.5006177084	0.846934844959	0.924572443723
8	392010	447694	392694	447715	0.352453128367	0.297395539885	0.985627816279	158.802965885	0.949201411921	32.7446641742	0.910469150895	0.928533518721
8	447694	501984	447715	502240	0.750856511328	0.618615314076	0.944351379582	264.277090337	0.937434105666	36.1581499105	0.86070684859	1.00526533106
8	501984	518743	502240	519046	0.70129482666	0.658098298227	0.990643561248	35.9884713259	0.978968200747	10.4449088599	0.945759921297	0.374591854569
9	33684	74226	34687	74101	0.149030634897	0.075658395494	0.88673015289	173.062086974	0.930994437691	37.0954896856	0.827865963742	1.23614439266
9	74226	106039	74101	106199	0.345770596926	0.214296840925	0.954584517963	87.8216845964	0.920822143172	40.130054084	0.900253794648	1.25009980428
9	106039	135204	106199	135255	0.80881193211	0.76252753304	0.990227627248	103.408675177	0.956250142726	25.8176952576	0.849232336365	1.05637109155
9	135204	175292	135255	174380	0.426062662143	0.633757188498	0.967323713448	205.867284642	0.905187877502	33.7634381854	0.835551663615	1.43899443222
9	175292	214941	174380	214881	0.192463870463	0.250462951532	0.906132156951	296.32287826	0.844096029476	69.7221467958	0.713012419957	2.24253665616
9	214941	247232	214881	247165	0.758787278189	0.954466608846	0.927820917926	152.335922388	0.812115095619	53.5519221218	0.79321157173	1.16225449182
9	247232	311422	247165	310813	0.555771927091	0.581149446958	0.986775104091	243.920555059	0.91122786085	51.105762012	0.849094398006	1.8687205012
9	311422	342741	310813	343025	0.234234809541	0.406121942133	0.923289420267	182.879970312	0.90951780732	40.5661092476	0.847023461619	1.28089296376
9	342741	356703	343025	356222	0.387981664518	0.134879139198	0.905121162476	37.4988522877	0.927734926479	14.9536337442	0.92507487757	0.48077923428
10	68284	99343	68656	99380	0.426382047072	0.395423772946	0.988584550405	66.7821962867	0.982580335154	15.4494769046	0.958371548399	0.367831230891
10	99343	161993	99380	162020	0.557829209896	0.392975734355	0.901954687822	322.987168452	0.90345811672	44.0801784651	0.881136744211	0.819265333582
10	161993	204324	162020	204933	0.28560629326	0.399436068324	0.904102931317	255.620753236	0.913445775694	36.8935385359	0.907657290208	0.666057185073
10	204324	227424	204933	228307	0.748398268398	0.659450671686	0.984079903403	129.96305749	0.981983165339	15.0719781238	0.942571652135	0.422442855921
10	227424	299273	228307	299315	0.711311222146	0.647497465074	0.959148832993	307.754027741	0.966141784273	25.4746667676	0.93144197134	0.790607709144
10	299273	374983	299315	374880	0.225729758288	0.468051787644	0.950121166947	319.134171345	0.928470261998	41.3850982397	0.853317300236	1.04489804453
10	374983	417290	374880	417323	0.452501950032	0.467332657918	0.986360416181	268.982585485	0.931447417638	47.6514665663	0.873467819498	0.82051017702
10	417290	442802	417323	443458	0.685285355911	0.317658312608	0.777191194949	333.357247967	0.798118889968	56.0451005833	0.831059156349	0.779462687517
10	442802	453551	443458	455664	0.935901014048	0.523349172538	0.882591786828	96.1173138229	0.980090870808	17.8491436708	0.942266476613	0.450826734772
10	483032	540722	483599	540602	0.189946264517	0.507306632984	0.895351546487	540.529313878	0.900120515931	40.0538772344	0.863644236854	0.685893667156
10	540722	613131	540602	613109	0.513016337748	0.354448536003	0.927194042012	627.398986617	0.869147781951	59.4643836933	0.875525280053	0.861128701429
10	613131	684060	613109	683948	0.387711655317	0.373551292367	0.995276588669	252.418821503	0.977240049001	37.3497618565	0.946709313056	0.666800536903
11	56050	98470	56017	98786	0.66438000943	0.653557483224	0.990388034858	102.08931657	0.961928691324	33.0594316538	0.913168094142	0.850753629507
11	98470	153163	98786	153204	0.487576106632	0.524256679775	0.988800033419	182.624743272	0.963397434827	27.2346277615	0.887798081017	0.725654715461
11	153163	197290	153204	196547	0.599836834591	0.50654084858	0.949935786557	187.639911532	0.951832483061	26.4395082239	0.881884260091	0.672829912796
11	197290	213328	196547	213015	0.368624516773	0.408974981783	0.983661488893	59.548330525	0.967130222658	20.706324344	0.925130534493	0.491350130932
11	213328	258336	213015	258444	0.506865446143	0.284377820335	0.981778472328	160.377461237	0.953646527176	27.2730309881	0.843204105206	0.784123242456
11	258336	302969	258444	302778	0.318419106939	0.327265755402	0.992856208849	82.4185567513	0.973131269005	20.9205839353	0.927384045213	0.536587025464
11	302969	328992	302778	329598	0.65073204473	0.274981357196	0.802269484035	389.201269038	0.824867775753	55.5300664069	0.832791658996	1.00716259387
11	328992	389324	329598	389331	0.612345024199	0.813779652788	0.978713873195	174.386808777	0.953856480243	31.4740507502	0.882603163745	1.01033690229
11	389324	418480	389331	417980	0.416758128687	0.445251143146	0.996617710475	106.047452909	0.973848961517	20.4781984295	0.933775831978	0.530341179063
11	418480	447620	417980	447552	0.129890185312	0.176991748952	0.965086756338	58.4219382687	0.961442347708	25.2091949705	0.910290185339	0.674219074469
11	447620	517596	447552	517848	0.622727792386	0.621173324229	0.985696683893	269.137689388	0.915737452897	44.0572627193	0.818419013122	1.04374415741
11	517596	612574	517848	612642	0.611362631346	0.640515222482	0.94725390566	278.282320171	0.914016102983	48.5404679784	0.863486326844	1.12647652004
12	91669	141200	92085	141275	0.493367789869	0.372148810734	0.928225121035	269.479983579	0.914485191563	31.9100180633	0.897568245907	0.391377370205
12	141200	155214	141275	155543	0.51726844584	0.467479674797	0.990465815412	27.0089002719	0.971890315746	11.0932005937	0.951820301058	0.289815382188
12	155214	231046	155543	230764	0.347768751978	0.645092460882	0.92814312129	325.765869311	0.882763004685	45.1633435678	0.915426342797	0.567134336651
12	231046	287589	230764	288484	0.941425110093	0.885793485793	0.967971497868	294.668002554	0.974235796986	23.1461329357	0.917357824335	0.369663726759
12	287589	373496	288484	373392	0.23591791123	0.483517454186	0.895852597213	534.895575264	0.878100223782	38.1948844653	0.894410941437	0.438431380239
12	373496	412082	373392	412577	0.656222464106	0.620645655225	0.996596487707	177.135594956	0.981543465529	29.0583080573	0.867712945699	0.638962593247
12	660144	744276	659814	744559	0.4783910997	0.473066257596	0.974625914426	213.605439806	0.918908035593	34.6703686201	0.888255797798	0.685134319937
12	744276	793353	744559	792961	0.560384701591	0.813706045205	0.919098196897	353.512009326	0.894923247389	36.5900194527	0.815512877648	0.647130584624
12	793353	889233	792961	889274	0.699269920734	0.698067758247	0.972750109093	170.376061677	0.904820139644	32.1947798738	0.763055357543	0.77192637666
13	32309	94688	32292	94384	0.558793824845	0.620289248212	0.983779436199	296.455613204	0.933886645439	34.5045043279	0.866786449277	0.567757378039
13	94688	137521	94384	137440	0.44657156865	0.488456893348	0.986715431885	158.981256654	0.979648125439	22.8216829612	0.954302781649	0.353146154303
13	228379	263631	228016	263882	0.159451945989	0.311464897117	0.9347807526	218.97476166	0.946253907638	23.4563281666	0.920061505283	0.328539756161
13	263631	286838	263882	286831	0.4374542164	0.358882739989	0.965964563596	101.508005736	0.937362196288	30.6016854483	0.899266157587	0.48733916881
13	432015	470750	431992	469429	0.650083903446	0.800838742421	0.936581300643	121.769090378	0.900352720366	24.7898827584	0.889086798875	0.467092616486
13	470750	505201	469429	506058	0.277524600157	0.225695487182	0.632245830883	81.2432324497	0.811098716646	23.3509526895	0.824986200561	0.435153276968
13	505201	536133	506058	536260	0.123205741627	0.0449639096749	0.934948067482	50.2513518849	0.985371097418	14.9501232135	0.931656708704	0.331595770478
13	536133	611877	536260	611828	0.589327207436	0.357611687487	0.992180861171	128.201572849	0.971375719317	23.3879675802	0.943907277631	0.479776009686
13	611877	649215	611828	649230	0.401119502919	0.420432062457	0.994644494543	56.8503935579	0.978108591359	16.3854584932	0.949780509125	0.373809093415
13	649215	687643	649230	687166	0.841105443947	0.909057359764	0.993592274088	107.318237085	0.977744080349	16.5637122752	0.922854209353	0.321668956234
13	687643	759960	687166	759145	0.484256813751	0.542616596507	0.985278554811	182.406783726	0.956194821337	21.7534409694	0.898332803222	0.390981903579
13	759960	815364	759145	815057	0.112031622266	0.226874374016	0.920029221271	368.622196715	0.907561513789	31.513189076	0.825383681143	0.586020861445
14	63881	89513	63225	89556	0.0907459425718	0.144012760624	0.928813264271	96.5350036454	0.966463890777	17.9165200255	0.904450088826	0.488440786708
14	169880	195488	169628	195140	0.549086223055	0.602971150831	0.984260673934	41.7047227053	0.950778842934	16.7856507065	0.910611040381	0.439606829066
14	195488	250804	195140	251325	0.444102972015	0.400195781792	0.972096150296	98.4976616138	0.913514976431	24.4637422608	0.88971810709	0.474141945248
14	250804	281244	251325	280736	0.299770039422	0.250654517017	0.973820945541	60.4199131286	0.98343407891	11.2527162734	0.944605215542	0.292565649655
14	281244	321640	280736	321296	0.215343103278	0.221400394477	0.996773101645	115.201364567	0.987292264449	15.1820803886	0.949137885147	0.331693823006
14	321640	412474	321296	412360	0.716438778431	0.627877097426	0.953801109426	228.173865457	0.949824655129	30.9194924881	0.900031689291	0.631305269484
14	412474	449239	412360	449540	0.522018223854	0.791877353416	0.929007796641	182.563422327	0.924855018025	27.7263479779	0.89246791162	0.562092484778
14	449239	499122	449540	498651	0.478960768198	0.468611919936	0.986133035659	124.884756432	0.950520295511	22.9780749575	0.89636737337	0.528452637945
14	609997	634761	609909	635287	0.638063317719	0.793206714477	0.845486697281	165.564996253	0.852564948831	36.6204571561	0.888108472547	0.586850571478
14	634761	691139	635287	691013	0.749689595232	0.718174640204	0.988903288107	209.317742805	0.972079611092	19.0379567312	0.926221765463	0.509529928472
14	691139	713456	691013	712055	0.519021373841	0.583832335329	0.993821345117	37.5274773621	0.990316094481	8.04245062694	0.967222166467	0.198572408091
14	713456	739099	712055	738332	0.342705611668	0.493435323667	0.933118936641	66.1026287362	0.919821942994	18.2969730116	0.889474805375	0.505751868892
15	120349	167607	122546	167909	0.404460620424	0.404117893437	0.955228646347	239.668024515	0.913972217586	38.2133204088	0.824274886419	0.613710840994
15	167607	227640	167909	227480	0.534889144304	0.609323328465	0.978124682676	340.499947341	0.944370795858	39.7708927265	0.812583184787	0.635919991799
15	227640	277919	227480	277916	0.457785556594	0.526964866365	0.978391615838	352.253143316	0.952187900454	43.2659323226	0.877616040927	0.638240945753
15	277919	307337	277916	309068	0.890033312938	0.769934514638	0.983320681934	171.855460161	0.971635202412	19.5083730262	0.863931780073	0.450267780416
15	307337	336917	309068	337721	0.405578093306	0.320873905001	0.923846541703	47.9244454317	0.956039587875	16.4544722264	0.921024908462	0.292261761913
15	336917	436558	337721	436737	0.486315873988	0.330345600711	0.965088498964	452.798341644	0.876304528959	40.0529969592	0.850237553126	0.720192743913
15	436558	463890	436737	464241	0.591138592126	0.462223676556	0.974430859219	150.615043465	0.97932960639	19.2388672846	0.920522871435	0.414229317162
15	463890	489456	464241	488464	0.605452554174	0.735540601907	0.989111160023	112.34684934	0.975941828164	17.1999266409	0.942634741586	0.319428885688
15	489456	566602	488464	565943	0.536586472403	0.485996205423	0.957713827435	220.840002013	0.922379683884	26.0419330469	0.915799992268	0.407457374986
15	615928	658455	617100	658609	0.533308251229	0.532197836614	0.988190243782	57.2887642032	0.990173875327	7.14398041255	0.958582512422	0.18686532367
15	658455	680022	658609	680795	0.631056707006	0.234021454972	0.866570778632	72.6327943477	0.927809267308	8.01949189587	0.967062236812	0.141991374944
15	767758	855313	767611	855105	0.477654046028	0.471140878232	0.995450658303	224.99832708	0.972859845929	22.9375128287	0.892080224439	0.479326814001
15	855313	873618	855105	873907	0.642993717564	0.661259440485	0.988843432541	21.0924392294	0.991096578314	8.09023362449	0.964145365022	0.29493179412
15	873618	907728	873907	907898	0.347991791264	0.370480421288	0.964858850429	168.995608869	0.936802341951	25.6860063751	0.937762648843	0.313617283486
15	980247	1053558	979502	1053421	0.376641977329	0.372556446922	0.994676566729	132.771916236	0.966402435595	24.7824355798	0.867355245274	0.533208373939
16	73005	163399	72828	163365	0.751178175543	0.610269834432	0.976167873546	193.602273049	0.970230341154	28.0700678529	0.925406075185	0.573903365125
16	163399	210430	163365	210559	0.479938763794	0.529548247659	0.894929652447	69.1477212345	0.914649293148	16.1234282574	0.884227483334	0.333409848478
16	210430	289406	210559	289208	0.221852208266	0.174471385523	0.985050812244	93.2532187684	0.971972286842	18.3850158891	0.908459497121	0.479394710978
16	289406	385064	289208	385022	0.625635074955	0.454343832843	0.976737417795	248.237064372	0.953221373028	29.9499497467	0.910501367146	0.541290187321
16	385064	418356	385022	418772	0.322089390845	0.331407407407	0.949800165028	133.521081415	0.953817256787	25.8466610238	0.961222960141	0.291198172986
16	418356	454801	418772	455758	0.722046920016	0.527523927973	0.921713757724	233.031250563	0.929318184347	25.3876716564	0.908942218981	0.490121795759
16	454801	512169	455758	512295	0.423807697671	0.447476873552	0.993470095392	125.844004977	0.978653175298	16.6617721653	0.933638030492	0.355319403494
16	512169	634164	512295	634445	0.414127628181	0.37229226361	0.974066007546	275.755373864	0.950120868424	38.7483954487	0.925053009655	0.693987008516
16	634164	685174	634445	684714	0.54799059008	0.552885476138	0.993154683866	149.672959932	0.975189191328	20.6894774434	0.937420770442	0.422258651155
16	685174	776656	684714	776625	0.440786165584	0.583379573718	0.959834642396	373.014706034	0.929411034621	34.7737660197	0.897740711699	0.668655479892
